files/a280.tsp: 180 0
files/ali535.tsp: 535 0
files/att48.tsp: 48 131.468627436358
files/att532.tsp: 532 3.16227766016838
files/berlin52.tsp: 52 15
files/bier127.tsp: 127 116
files/brd14051.tsp: 14051 1
files/burma14.tsp: 14 0.23
files/ch130.tsp: 130 0.660180990393251
files/ch150.tsp: 150 1.64921692472964
files/d1291.tsp: 1291 24.9999999999998
files/d15112.tsp: 15112 12.0415945787923
files/d1655.tsp: 1655 25.3999999999996
files/d18512.tsp: 18512 1
files/d198.tsp: 198 22.9368698823532
files/d2103.tsp: 2103 20.0172425673468
files/d493.tsp: 493 17.9605122421381
files/d657.tsp: 657 17.9605122421381
files/dsj1000.tsp: 1000 679.908817415983
files/eil101.tsp: 101 1.4142135623731
files/eil51.tsp: 51 2.23606797749979
files/eil76.tsp: 76 2.23606797749979
files/fl1400.tsp: 1400 4.17193000900037
files/fl1577.tsp: 1577 8.35093407949055
files/fl3795.tsp: 3795 4.17193000900037
files/fl417.tsp: 417 8.35093407949055
files/fnl4461.tsp: 4461 10
files/gil262.tsp: 262 1
files/gr137.tsp: 137 0.728010988928053
files/gr202.tsp: 202 0.0399999999999991
files/gr229.tsp: 229 0.371214223865416
files/gr431.tsp: 431 0.0399999999999991
files/gr666.tsp: 666 0.0223606797749974
files/gr96.tsp: 96 0.0223606797749974
files/kroA100.tsp: 100 13.0384048104053
files/kroA150.tsp: 150 13.0384048104053
files/kroA200.tsp: 200 10.295630140987
files/kroB100.tsp: 100 26
files/kroB150.tsp: 150 8.06225774829855
files/kroB200.tsp: 200 5
files/kroC100.tsp: 100 17.7200451466693
files/kroD100.tsp: 100 11.6619037896906
files/kroE100.tsp: 100 22.1359436211787
files/lin105.tsp: 105 31
files/lin318.tsp: 318 31
files/linhp318.tsp: 318 31
files/nrw1379.tsp: 1379 2.82842712474619
files/p654.tsp: 654 15
files/pcb1173.tsp: 1173 1
files/pcb3038.tsp: 3038 1
files/pcb442.tsp: 442 50
files/pla33810.tsp: 33810 930.38970329642
files/pla7397.tsp: 7397 930.38970329642
files/pla85900.tsp: 85900 728.010988928052
files/pr1002.tsp: 1002 100
files/pr107.tsp: 107 200
files/pr124.tsp: 124 150
files/pr136.tsp: 136 170
files/pr144.tsp: 144 100
files/pr152.tsp: 152 75.2396172239067
files/pr226.tsp: 226 100
files/pr2392.tsp: 2392 1
files/pr264.tsp: 264 100
files/pr299.tsp: 299 1
files/pr439.tsp: 439 90.1387818865997
files/pr76.tsp: 76 300
files/rat195.tsp: 195 6.32455532033676
files/rat575.tsp: 575 2
files/rat783.tsp: 783 1
files/rat99.tsp: 99 4.12310562561766
files/rd100.tsp: 100 4.79666436182472
files/rd400.tsp: 400 1.17397712499013
files/rl11849.tsp: 11849 9
files/rl1304.tsp: 1304 32
files/rl1323.tsp: 1323 48
files/rl1889.tsp: 1889 32
files/rl5915.tsp: 5915 32
files/rl5934.tsp: 5934 9
files/st70.tsp: 70 1
files/sw24978.tsp: 24978 0.277699999998731
files/ts225.tsp: 225 500
files/tsp225.tsp: 225 6.5
files/u1060.tsp: 1060 70.682399506525
files/u1432.tsp: 1432 100
files/u159.tsp: 159 100
files/u1817.tsp: 1817 25.3899999999999
files/u2152.tsp: 2152 25.3899999999999
files/u2319.tsp: 2319 100
files/u574.tsp: 574 2.94159820505774
files/u724.tsp: 724 3.31999999999994
files/ulysses16.tsp: 16 0.388329756778952
files/ulysses22.tsp: 22 0.0894427190999913
files/usa13509.tsp: 13509 2.77700000000186
files/vm1084.tsp: 1084 22
files/vm1748.tsp: 1748 22
